660638788
264289128
466058492
494680786
564976183
162636707
633860996
775754687
416825704
305771711
512667204
736582536
659184117
116331271
572190388
937034194
249600435
422393102
973813166
132269034
267403365
602622178
845610104
221344539
425142370
49153036
890882598
685563159
72957468
714718484
34624658
533077622
873176440
563248872
756367263
207784499
45235135
818849195
378451536
720290766
733610069
554583587
473819543
502454588
119411305
716194587
329470301
325663382
401714201
452574381
499094009
140795520
824239199
846589466
741243586
698700524
126575030
913453468
142320708
5787081
655310432
486786400
197048489
79490377
291227086
676291945
606743327
281051497
306573243
107101938
860341597
608735289
323273028
590729368
807964572
985796989
903053570
868700815
330454748
521558760
143064287
97965708
895681666
202250062
16756951
802555651
41654520
491967701
124481811
829338724
995530317
189368250
677957676
37185727
653709929
137648096
809902194
80935872
417552299
108950177
465341304
825191260
722659802
790740167
378325074
555555702
635901502
644607692
163080004
338018983
858247295
278891756
92630319
92865566
136352656
707277674
475339663
164984115
182418931
49393917
894358838
438207691
922940406
233037173
69835078
144658517
560900430
936175943
101487508
694595543
899128329
218041098
529151201
78567711
921522422
880603676
939285420
135403958
92537366
812076033
428364961
478254460
984555148
535059681
570141081
856836949
89008960
256550376
649673339
61742923
469510147
14510446
699524819
856655768
444593784
281184761
654647763
691923300
554355836
79435433
796709780
441198416
593743165
217892436
720646718
818344925
427821801
787767748
584379312
237703753
331927719
524082639
957432022
598915136
286602180
49212332
702353406
903634973
678798733
920558472
428371047
508437913
988344511
830745285
454644678
691309398
589826251
437004307
854001024
254596592
659853341
834111113
980271992
865446741
889265772
360683430
465232565
147622059
498774518
198913212
927008972
811476171
874187615
548773841
3417290
709757287
321278830
525500300
445423553
288579298
939952353
962915022
595553864
705533360
934483449
580833500
115686927
491770757
630173179
237344913
423017925
399312877
298327774
407868614
190277518
446133635
185800054
646397260
674043394
905044854
576646841
807936478
556105532
377427991
459652086
938068782
60361259
424024457
646192923
858746030
510403654
817669309
914242233
199534687
819881740
587105234
401558002
742707549
232171815
736695414
16304282
369155068
72524378
146431066
476755881
574224882
137345173
285320393
421674547
630589086
271189934
277842601
326642390
420282219
378180565
556404953
76248343
276465721
796293715
677704998
551982096
882593851
683444627
216004178
428945161
867996899
499350091
468845174
288808139
857753209
377708922
964953690
911122340
554640792
817836381
563649048
658539111
958916193
843888977
921213870
525178343
632643974
424210795
712827211
371344762
203329919
224046431
589382350
571712194
407579368
157990800
324902510
98227459
185045843
114863879
346855630
94543108
950666230
516256515
901756238
323515647
414409416
690081606
324631469
406738448
38276572
79392071
40081708
352800675
945059260
876336708
267708096
367947243
346671304
381446970
714722975
687515352
272417615
270452323
540321544
106610721
451550495
162512217
900982210
775318299
583948556
474238449
90240639
495072901
914099690
253574815
34694923
391123348
962856897
747697555
389473307
25460522
930878239
418368344
920219896
70478389
906994542
654209725
570855520
674893980
762509741
137841821
586046461
656882121
698073243
920306601
239919840
164378588
288559235
233710452
303952234
272674900
324840941
867981742
69969935
298726753
432369936
129566323
305400908
7591266
959091025
309591680
839829265
89187535
356416944
103993327
674797468
708620540
788076012
49002948
650726756
852756628
817030324
355714993
377768559
755218301
976782611
765369923
366384573
591689685
390880618
892547957
743038296
849740384
970126281
414392043
964440318
367096814
294460877
142043244
795863371
40421449
397841412
304871010
365649993
101924938
378609484
401840193
854861888
184884569
822894618
516015271
375697553
985640720
435211901
834740030
785519879
245855838
732143491
938099372
848685727
352037239
247153893
625861441
239367702
867150828
964705405
156262087
618925121
108786111
856943716
584774405
834223242
309450555
322887091
75891687
879575473
225388683
875599990
425942139
300549791
779007761
475848635
74460452
920472974
349706602
874623267
141393412
420830152
651847999
168484172
905460864
1290631
801379668
124346781
660202789
602622989
913638478
557714402
392924042
904046222
52953752
790961316
763898720
477246467
553421610
797834608
558604805
134213578
161404098
543794920
93174462
337419535
71787205
285885195
844473370
496839630
535604044
255045894
246292131
133527583
333130227
851732332
860702362
551091
221634718
42965543
636099741
808150621
7762549
187047843
349555821
315631178
227589299
883535816
685828510
975545514
259011383
728961940
428522222
792294411
196924105
73960473
761315556
118545231
60900857
