7
-1012
-2018
-2702
-2697
-2699
-3370
-3373
-4046
-4730
-4730
-5065
-5736
-7088
-7764
-7767
-8107
-8102
-8102
-8102
-8110
-8440
-8778
-8778
-8778
-8445
-8783
-8786
-9462
-9792
-9800
-10468
-10471
-10471
-10471
-10138
-10471
-10809
-11147
-12163
-12163
-12163
-12161
-11828
-12163
-12834
-12834
-12504
-12834
-12501
-12834
-12504
-12504
-12504
-12504
-13177
-13180
-13515
-13515
-13848
-14189
-14189
-14524
-14524
-14191
-14191
-14191
-14527
-14532
-14532
-15200
-15205
-15205
-15200
-15203
-16214
-17228
-17228
-17909
-17909
-18242
-18247
-18585
-18926
-19256
-19259
-19259
-19259
-19261
-19599
-19597
-19599
-19937
-20613
-20954
-23317
-23993
-24329
-24331
-25681
-25683
-25686
-25678
-27033
-27038
-27376
-27376
-27376
-27371
-27706
-27371
-27709
-27376
-27376
-28044
-27714
-27711
-27711
-28382
-28390
-29061
-29396
-29063
-29061
-29734
-30072
-29739
-30410
-31762
-31767
-31432
-31432
-31770
-32108
-32443
-32446
-32779
-33452
-34469
-34804
-34471
-35485
-36156
-36161
-36499
-36497
-36494
-36497
-37173
-37175
-37508
-37508
-37511
-37178
-37513
-37178
-37513
-37178
-37511
-37846
-37854
-37846
-39206
-39536
-39541
-40212
-40217
-41231
-41572
-41564
-41905
-42578
-42924
-42921
-44606
-44944
-45287
-45287
-45290
-45623
-45620
-45623
-45290
-45620
-45620
-45290
-45623
-45625
-45623
-45625
-45623
-45620
-45625
-45625
